EffectColorA: 19
PlacedObjects: DayNightSettings><402.5785><297.6028><-395~-301.3398~35~10, LightSource><149.2552><593.0501><0.4021739~White~0~95~-266~-72.39746~0~0~None~0~0, LightSource><69.03455><430.553><0.4021739~White~-1~92~-190~-125.3975~0~0~None~0~0, LightSource><894.2894><429.6961><0.4021739~White~-3~94~-58~-126.3975~0~0~None~0~0, LightSource><871.2281><569.5512><0.4565217~White~0~100~-261~-43.39752~0~0~None~0~0, LightSource><450.1441><54.38875><0.4565217~White~0~100~-267~-100.3975~0~0~None~0~0, LightSource><688.3836><125.8374><0.4565217~White~0~100~137~-141.3983~0~0~None~0~0, LightSource><874.415><228.8877><0.4130461~White~0~100~-54~-129.1622~0~0~None~0~0, LightSource><147.15><530.1177><0.4565217~White~0~100~92~8.585266~0~0~None~0~0, LightSource><345.1531><302.075><1~EffectColor1~0~100~-430~-338.3975~0~0~Flash~0.7065217~1, LightSource><482.431><197.5849><1~EffectColor1~0~100~87~-230.3975~0~0~Flash~0.6086956~1, LightSource><355.1975><176.0309><1~EffectColor1~0~100~-476~-97.2148~0~0~Flash~0.8043478~1, LightSource><603.4372><218.3101><1~EffectColor1~0~100~-700~-31.39746~0~0~Flash~0.75~1, LightSource><430.2685><441.1991><1~EffectColor1~0~100~-317~-35.39746~0~0~Flash~0.6521739~1, LightSource><620.4034><420.8247><1~EffectColor1~0~100~13.00134~-12.39746~0~0~Flash~0.5543478~1, NoLeviathanStrandingZone><249.7433><577.7864><-153~44, NoLeviathanStrandingZone><271.9724><403.4713><34~156, FlyLure><483.4894><376.2029><0~0~2~12, 
MorePalette0: 0, 0.03
